1.000000000000000000e+00 1.512001186391108204e+05
1.072267222010323318e+00 1.352253812675479567e+05
1.149756995397735793e+00 1.208994770667649573e+05
1.232846739442066131e+00 1.080536544657121995e+05
1.321941148466029059e+00 9.653638532925072650e+04
1.417474162926805281e+00 8.621160931186442031e+04
1.519911082952933645e+00 7.695715713780622173e+04
1.629750834620644184e+00 6.866333457827227539e+04
1.747528400007683835e+00 6.123165075353666180e+04
1.873817422860383886e+00 5.457367605605773133e+04
2.009233002565047332e+00 4.861001648865613970e+04
2.154434690031883814e+00 4.326939255726761621e+04
2.310129700083159765e+00 3.848781206602828024e+04
2.477076355991710610e+00 3.420782724750618945e+04
2.656087782946686460e+00 3.037786763527003859e+04
2.848035868435801810e+00 2.695164096092421823e+04
3.053855508833415389e+00 2.388759514332145045e+04
3.274549162877728570e+00 2.114843514293638873e+04
3.511191734215131088e+00 1.870068908745596491e+04
3.764935806792468309e+00 1.651431864278482681e+04
4.037017258596554470e+00 1.456236911338910977e+04
4.328761281083058243e+00 1.282065521303909190e+04
4.641588833612779297e+00 1.126747885677957129e+04
4.977023564332111683e+00 9.883375692024648743e+03
5.336699231206309513e+00 8.650887415222860000e+03
5.722367659350217295e+00 7.554357214320277308e+03
6.135907273413172547e+00 6.579745939645161343e+03
6.579332246575680720e+00 5.714466839923728003e+03
7.054802310718643277e+00 4.947236908754220167e+03
7.564633275546288615e+00 4.267943072705821578e+03
8.111308307896871739e+00 3.667521617910776513e+03
8.697490026177835176e+00 3.137849400292939663e+03
9.326033468832198636e+00 2.671645518353039733e+03
1.000000000000000000e+01 2.262382250023942106e+03
1.072267222010323096e+01 1.904204170402739010e+03
1.149756995397735615e+01 1.591854479789557445e+03
1.232846739442065953e+01 1.320607686912997906e+03
1.321941148466029325e+01 1.086207916855268877e+03
1.417474162926805548e+01 8.848122539592419571e+02
1.519911082952933867e+01 7.129386937590761590e+02
1.629750834620644184e+01 5.674184701307184469e+02
1.747528400007684013e+01 4.453527461117153621e+02
1.873817422860383886e+01 3.440739038681767852e+02
2.009233002565046888e+01 2.611119244035392626e+02
2.154434690031884614e+01 1.941665779820735338e+02
2.310129700083160387e+01 1.410862991417246519e+02
2.477076355991711409e+01 9.985462285001626981e+01
2.656087782946686815e+01 6.858482559692548364e+01
2.848035868435801987e+01 4.552286904243051424e+01
3.053855508833415655e+01 2.905784837035228563e+01
3.274549162877728037e+01 1.773795642459623778e+01
3.511191734215130822e+01 1.028867793890273141e+01
3.764935806792467332e+01 5.628870126077406333e+00
4.037017258596555536e+01 2.880017379494727248e+00
4.328761281083059487e+01 1.364682261654364792e+00
4.641588833612780007e+01 5.921623523957230129e-01
4.977023564332111505e+01 2.322718942694471933e-01
5.336699231206309690e+01 8.113828415892307411e-02
5.722367659350216940e+01 2.481307426189525642e-02
6.135907273413172902e+01 6.513174414202463174e-03
6.579332246575683030e+01 1.434516303419400328e-03
7.054802310718645231e+01 2.582739660006125077e-04
7.564633275546290747e+01 3.688726211176883435e-05
8.111308307896872805e+01 4.037315434713422133e-06
8.697490026177834466e+01 3.254450098252286183e-07
9.326033468832198992e+01 1.845826194859166433e-08
1.000000000000000000e+02 6.989011737880118626e-10
1.072267222010323167e+02 1.663085431724145585e-11
1.149756995397735579e+02 2.320147760509390951e-13
1.232846739442065882e+02 1.751963847685894551e-15
1.321941148466028721e+02 6.532055398435917452e-18
1.417474162926804695e+02 1.081979378512556239e-20
1.519911082952933157e+02 7.051624366626040184e-24
1.629750834620645037e+02 1.572590423779484103e-27
1.747528400007684866e+02 1.022042814034803473e-31
1.873817422860385022e+02 1.609443026611974432e-36
2.009233002565048025e+02 4.966524933006860744e-42
2.154434690031884543e+02 2.352939687524306294e-48
2.310129700083160458e+02 1.292666724496215207e-55
2.477076355991711409e+02 5.964376506831523076e-64
2.656087782946686957e+02 1.594949426477921492e-73
2.848035868435802058e+02 1.613637561710746768e-84
3.053855508833415797e+02 3.782476414955652874e-97
3.274549162877728463e+02 1.168954358074160737e-111
3.511191734215130964e+02 2.490804556089208502e-128
3.764935806792467474e+02 1.736642431962171170e-147
4.037017258596553688e+02 1.681674656449488415e-169
4.328761281083056929e+02 8.443670509944477343e-195
4.641588833612781855e+02 7.080978826040081509e-224
4.977023564332113779e+02 2.696276601142538556e-257
5.336699231206312106e+02 1.042722423567927824e-295
5.722367659350220492e+02 0.000000000000000000e+00
6.135907273413175744e+02 0.000000000000000000e+00
6.579332246575681893e+02 0.000000000000000000e+00
7.054802310718645231e+02 0.000000000000000000e+00
7.564633275546290179e+02 0.000000000000000000e+00
8.111308307896872520e+02 0.000000000000000000e+00
8.697490026177833897e+02 0.000000000000000000e+00
9.326033468832199560e+02 0.000000000000000000e+00
1.000000000000000000e+03 0.000000000000000000e+00
